FF010113
00812623
01010413
E00017B7
03078793
06800713
00E7A023
E00017B7
03078793
06500713
00E7A023
E00017B7
03078793
06C00713
00E7A023
E00017B7
03078793
06C00713
00E7A023
E00017B7
03078793
03000713
00E7A023
E00017B7
03078793
02100713
00E7A023
E00017B7
03078793
00A00713
00E7A023
0000006F
00000000
00000000
00000000
00000000
00000000
00000000
00000000
00000000
00000000
00000000
00000000
00000000
00000000
00000000
00000000
00000000
00000000
00000000
00000000
00000000
00000000
00000000
00000000
00000000
00000000
00000000
00000000
00000000
00000000
00000000
00000000
00000000
